
Manifolds tested:
m098
m146
m216
m267
s148
s160
s188
s194
s313
s363
s385
s408
s451
s498
s526
s710
s812
v0521
v0595
v0957
v1154
v1171
v1207
v1302
v2063
v2093
v2100
v2166
v2296
v2406
v2460
v2508
v2547
v2623
v2834
v3024
v3044
v3195
v3208
v3304
v3320
v3327
v3418


####################################
	Sage:

21.304584
11.847960
28.904874
43.365646
18.889933
41.807860
39.897755
168.927170
30.279414
26.508700
104.554927
18.002702
385.781252
39.711030
35.231290
53.193215
45.695282
46.719781
28.734001
31.343664
20.119352
29.690430
54.328062
24.178476
29.066922
25.800909
19.034581
15.338356
41.910344
21.433679
39.201566
51.492702
37.553677
48.212687
33.936252
37.454855
205.438544
62.890483
14.653667
25.815402
172.145572
13.909957
24.650241


####################################
	Number System:

12.530841
8.395918
14.098088
21.282004
11.070184
21.838619
15.652357
38.301002
12.883324
13.865097
22.000386
9.648577
49.244710
19.603860
12.488815
18.781971
17.908932
17.765239
14.150182
19.042515
11.729194
13.792070
16.868113
10.934608
17.310832
12.087730
11.004707
10.560495
17.294887
12.964880
16.242900
18.748144
14.366400
14.955157
14.645468
16.621581
43.446957
18.639187
9.726320
14.140503
35.828864
9.088083
12.526292


####################################
	Number Field:

4.638445
2.898335
5.208247
7.772534
4.234074
7.484580
6.641110
16.113353
5.081284
4.698596
10.835564
3.262522
23.860370
7.187815
4.901627
7.090772
7.242516
6.790645
5.059863
6.039999
3.678958
5.354315
7.396777
3.660936
4.746849
4.393946
3.650564
2.959381
7.741454
4.063860
6.731647
7.673330
5.577940
7.166312
5.334424
5.911444
19.682313
7.323004
2.923046
4.554525
16.013928
2.789827
4.380081
